 # N      T         m_N            err_M          e_N            err_E          c_N            err_C
   16       2.000000       0.994339       0.000051      -0.988980       0.000096       0.106373       0.001501
   16       2.500000       0.978215       0.000113      -0.959616       0.000191       0.268398       0.003094
   16       3.000000       0.936084       0.000256      -0.893421       0.000331       0.561483       0.006208
   16       3.300000       0.879289       0.000497      -0.823529       0.000456       0.881245       0.009476
   16       3.400000       0.846371       0.000661      -0.791001       0.000511       1.039606       0.011289
   16       3.500000       0.800973       0.000903      -0.753567       0.000575       1.245419       0.012741
   16       3.550000       0.772711       0.001042      -0.732147       0.000609       1.357139       0.013745
   16       3.580000       0.752377       0.001120      -0.718245       0.000629       1.420371       0.014075
   16       3.600000       0.735681       0.001184      -0.707558       0.000640       1.457427       0.013811
   16       3.620000       0.723301       0.001235      -0.699715       0.000645       1.461370       0.013978
   16       3.630000       0.714027       0.001279      -0.693822       0.000657       1.509054       0.014152
   16       3.640000       0.704782       0.001299      -0.688483       0.000657       1.502418       0.013961
   16       3.650000       0.698668       0.001320      -0.684239       0.000665       1.528407       0.014006
   16       3.660000       0.685790       0.001374      -0.677832       0.000669       1.538237       0.014271
   16       3.680000       0.667086       0.001414      -0.666027       0.000677       1.559332       0.014063
   16       3.700000       0.650453       0.001474      -0.656638       0.000684       1.572486       0.014033
   16       3.750000       0.606532       0.001550      -0.632148       0.000687       1.544332       0.013653
   16       3.800000       0.554257       0.001630      -0.604886       0.000684       1.493571       0.013198
   16       3.900000       0.463822       0.001649      -0.557954       0.000656       1.305311       0.012405
   16       4.000000       0.388971       0.001572      -0.518813       0.000605       1.055436       0.010640
   16       4.200000       0.287820       0.001330      -0.458431       0.000532       0.739334       0.008061
   16       4.500000       0.209577       0.001049      -0.398009       0.000468       0.497832       0.005262
   16       5.000000       0.153198       0.000801      -0.330708       0.000425       0.332408       0.003378
   16       5.500000       0.125461       0.000659      -0.282592       0.000398       0.241697       0.002377
   16       6.000000       0.109822       0.000583      -0.246764       0.000377       0.182016       0.001873
 
   32       2.000000       0.994412       0.000025      -0.989113       0.000047       0.103348       0.001116
   32       2.500000       0.978142       0.000056      -0.959429       0.000095       0.264608       0.002728
   32       3.000000       0.936335       0.000124      -0.893589       0.000163       0.547129       0.005568
   32       3.300000       0.879302       0.000247      -0.823522       0.000227       0.871553       0.009088
   32       3.400000       0.846499       0.000356      -0.791623       0.000260       1.076490       0.011055
   32       3.500000       0.795498       0.000569      -0.752159       0.000299       1.341757       0.013876
   32       3.550000       0.758666       0.000733      -0.729107       0.000320       1.495637       0.015436
   32       3.580000       0.725908       0.000898      -0.712841       0.000335       1.618365       0.016538
   32       3.600000       0.704981       0.000982      -0.702293       0.000345       1.696182       0.016954
   32       3.620000       0.679772       0.001067      -0.690245       0.000355       1.777379       0.017611
   32       3.630000       0.660762       0.001147      -0.683417       0.000362       1.832777       0.017888
   32       3.640000       0.642367       0.001232      -0.676947       0.000369       1.896246       0.018063
   32       3.650000       0.629490       0.001260      -0.671435       0.000372       1.909984       0.018079
   32       3.660000       0.611160       0.001311      -0.664692       0.000377       1.959290       0.018280
   32       3.680000       0.578999       0.001386      -0.652610       0.000379       1.954682       0.018129
   32       3.700000       0.546527       0.001434      -0.640387       0.000377       1.912461       0.017907
   32       3.750000       0.449987       0.001513      -0.608713       0.000366       1.753994       0.017057
   32       3.800000       0.376055       0.001453      -0.582583       0.000343       1.500168       0.015226
   32       3.900000       0.261348       0.001219      -0.538581       0.000303       1.110229       0.011608
   32       4.000000       0.201835       0.000991      -0.505525       0.000276       0.878627       0.009067
   32       4.200000       0.141499       0.000737      -0.454051       0.000254       0.671669       0.006925
   32       4.500000       0.103037       0.000549      -0.397273       0.000232       0.491740       0.004937
   32       5.000000       0.075544       0.000405      -0.329897       0.000212       0.329832       0.003347
   32       5.500000       0.062666       0.000335      -0.282290       0.000200       0.244385       0.002442
   32       6.000000       0.055300       0.000289      -0.247832       0.000190       0.184186       0.001840
 
   64       2.000000       0.994427       0.000012      -0.989140       0.000024       0.102695       0.001047
   64       2.500000       0.978250       0.000028      -0.959639       0.000047       0.264323       0.002611
   64       3.000000       0.936198       0.000062      -0.893432       0.000082       0.548171       0.005431
   64       3.300000       0.879242       0.000122      -0.823271       0.000113       0.868302       0.008625
   64       3.400000       0.846613       0.000172      -0.791371       0.000129       1.056795       0.010583
   64       3.500000       0.795099       0.000286      -0.751984       0.000148       1.325462       0.013309
   64       3.550000       0.756014       0.000413      -0.728696       0.000161       1.523208       0.015755
   64       3.580000       0.718338       0.000598      -0.711985       0.000174       1.740561       0.017906
   64       3.600000       0.692370       0.000664      -0.700399       0.000180       1.839540       0.018761
   64       3.620000       0.644815       0.000930      -0.686614       0.000193       2.104480       0.020861
   64       3.630000       0.624413       0.000992      -0.680153       0.000195       2.124297       0.020673
   64       3.640000       0.590627       0.001114      -0.672480       0.000201       2.249729       0.021564
   64       3.650000       0.563238       0.001191      -0.665312       0.000203       2.274595       0.021733
   64       3.660000       0.525367       0.001292      -0.656994       0.000205       2.313384       0.021931
   64       3.680000       0.459476       0.001374      -0.642085       0.000204       2.273749       0.021676
   64       3.700000       0.391294       0.001364      -0.627620       0.000194       2.020984       0.019794
   64       3.750000       0.267369       0.001191      -0.597868       0.000174       1.581722       0.016292
   64       3.800000       0.199367       0.000967      -0.574772       0.000160       1.299247       0.013343
   64       3.900000       0.130347       0.000673      -0.536145       0.000146       1.027204       0.010264
   64       4.000000       0.099698       0.000526      -0.504982       0.000136       0.854843       0.008538
   64       4.200000       0.070247       0.000371      -0.454256       0.000126       0.658394       0.006602
   64       4.500000       0.051496       0.000275      -0.397104       0.000117       0.495643       0.004968
   64       5.000000       0.037334       0.000200      -0.329803       0.000106       0.329534       0.003291
   64       5.500000       0.031658       0.000169      -0.282713       0.000099       0.240208       0.002383
   64       6.000000       0.027561       0.000149      -0.247586       0.000094       0.181570       0.001804
 
  128       2.000000       0.994440       0.000006      -0.989165       0.000012       0.103953       0.001055
  128       2.500000       0.978261       0.000014      -0.959642       0.000024       0.266913       0.002673
  128       3.000000       0.936245       0.000031      -0.893473       0.000041       0.548621       0.005451
  128       3.300000       0.879280       0.000061      -0.823274       0.000057       0.869451       0.008639
  128       3.400000       0.846538       0.000086      -0.791349       0.000064       1.034965       0.010310
  128       3.500000       0.795825       0.000141      -0.752160       0.000074       1.330254       0.013307
  128       3.550000       0.754837       0.000211      -0.728278       0.000081       1.549392       0.015610
  128       3.580000       0.719839       0.000286      -0.712074       0.000087       1.726464       0.017335
  128       3.600000       0.688480       0.000375      -0.700181       0.000091       1.865386       0.018750
  128       3.620000       0.635762       0.000656      -0.686172       0.000100       2.232620       0.022823
  128       3.630000       0.597776       0.000813      -0.678586       0.000103       2.387146       0.023718
  128       3.640000       0.542158       0.001034      -0.669822       0.000108       2.613571       0.025273
  128       3.650000       0.498117       0.001137      -0.662117       0.000109       2.648892       0.025252
  128       3.660000       0.429508       0.001249      -0.653120       0.000108       2.585604       0.024724
  128       3.680000       0.308818       0.001217      -0.636555       0.000101       2.236278       0.023111
  128       3.700000       0.222822       0.001049      -0.623144       0.000094       1.909542       0.019412
  128       3.750000       0.133707       0.000681      -0.596129       0.000083       1.435739       0.014300
  128       3.800000       0.096491       0.000508      -0.573965       0.000078       1.257500       0.012607
  128       3.900000       0.064708       0.000342      -0.536099       0.000073       1.022532       0.010210
  128       4.000000       0.049751       0.000263      -0.504863       0.000069       0.865140       0.008615
  128       4.200000       0.035175       0.000186      -0.454207       0.000063       0.661536       0.006501
  128       4.500000       0.025695       0.000136      -0.396972       0.000058       0.487072       0.004843
  128       5.000000       0.018924       0.000102      -0.329803       0.000053       0.332157       0.003345
  128       5.500000       0.015764       0.000084      -0.282691       0.000050       0.241199       0.002410
  128       6.000000       0.013787       0.000074      -0.247614       0.000047       0.182676       0.001814
 
  256       2.000000       0.994439       0.000006      -0.989162       0.000011       0.106495       0.001826
  256       2.500000       0.978228       0.000012      -0.959582       0.000021       0.269575       0.004837
  256       3.000000       0.936207       0.000027      -0.893435       0.000036       0.553934       0.009756
  256       3.300000       0.879245       0.000055      -0.823297       0.000050       0.881550       0.015229
  256       3.400000       0.846419       0.000077      -0.791278       0.000056       1.058139       0.019110
  256       3.500000       0.795752       0.000127      -0.752171       0.000065       1.323497       0.023152
  256       3.550000       0.755389       0.000186      -0.728509       0.000071       1.549607       0.027150
  256       3.580000       0.719411       0.000264      -0.711965       0.000077       1.751300       0.031216
  256       3.600000       0.686055       0.000387      -0.700086       0.000082       1.979304       0.035327
  256       3.620000       0.629821       0.000638      -0.685888       0.000090       2.353592       0.040293
  256       3.630000       0.558042       0.001489      -0.677343       0.000099       2.849163       0.048044
  256       3.640000       0.542028       0.001107      -0.670236       0.000094       2.563100       0.046271
  256       3.650000       0.447667       0.001552      -0.660280       0.000099       2.842000       0.048881
  256       3.660000       0.306917       0.001800      -0.650177       0.000093       2.453406       0.042471
  256       3.680000       0.171488       0.001561      -0.635032       0.000085       2.057758       0.037566
  256       3.700000       0.115617       0.000994      -0.622349       0.000078       1.712700       0.029923
  256       3.750000       0.067802       0.000636      -0.596180       0.000074       1.488559       0.026176
  256       3.800000       0.047883       0.000446      -0.573857       0.000069       1.279481       0.022390
  256       3.900000       0.032264       0.000301      -0.536200       0.000063       1.012668       0.018241
  256       4.000000       0.025019       0.000230      -0.504817       0.000060       0.855081       0.015017
  256       4.200000       0.017409       0.000165      -0.454278       0.000056       0.684388       0.011932
  256       4.500000       0.012719       0.000120      -0.397117       0.000051       0.498409       0.008731
  256       5.000000       0.009569       0.000089      -0.329955       0.000047       0.337187       0.006037
  256       5.500000       0.007765       0.000073      -0.282730       0.000044       0.246771       0.004286
  256       6.000000       0.006809       0.000063      -0.247555       0.000042       0.187866       0.003285
 
  512       2.000000       0.994442       0.000003      -0.989168       0.000005       0.104206       0.001673
  512       2.500000       0.978252       0.000006      -0.959622       0.000010       0.265191       0.004660
  512       3.000000       0.936206       0.000014      -0.893437       0.000018       0.553315       0.009613
  512       3.300000       0.879268       0.000027      -0.823302       0.000025       0.871041       0.014976
  512       3.400000       0.846378       0.000038      -0.791320       0.000028       1.026803       0.017878
  512       3.500000       0.795540       0.000064      -0.752085       0.000033       1.352131       0.023238
  512       3.550000       0.755363       0.000093      -0.728440       0.000035       1.532452       0.026789
  512       3.580000       0.719297       0.000134      -0.712157       0.000039       1.773712       0.030567
  512       3.600000       0.686169       0.000177      -0.699989       0.000040       1.892472       0.033971
  512       3.620000       0.633980       0.000302      -0.686201       0.000044       2.232932       0.038791
  512       3.630000       0.593591       0.000398      -0.678362       0.000045       2.387911       0.042547
  512       3.640000       0.503941       0.000850      -0.668819       0.000051       2.999230       0.051311
  512       3.650000       0.272217       0.001905      -0.657737       0.000051       2.997427       0.055172
  512       3.660000       0.214006       0.001497      -0.649522       0.000047       2.480626       0.043391
  512       3.680000       0.084383       0.000778      -0.634884       0.000042       1.960964       0.034272
  512       3.700000       0.055032       0.000513      -0.622424       0.000039       1.714395       0.029932
  512       3.750000       0.033292       0.000309      -0.596120       0.000037       1.481312       0.025993
  512       3.800000       0.023930       0.000224      -0.573753       0.000034       1.250138       0.021714
  512       3.900000       0.016228       0.000151      -0.536227       0.000032       1.013353       0.017409
  512       4.000000       0.012500       0.000118      -0.504923       0.000030       0.839435       0.015126
  512       4.200000       0.008823       0.000082      -0.454279       0.000027       0.654510       0.011575
  512       4.500000       0.006409       0.000060      -0.397115       0.000025       0.486696       0.008564
  512       5.000000       0.004787       0.000045      -0.329862       0.000023       0.331793       0.005766
  512       5.500000       0.003950       0.000037      -0.282745       0.000022       0.237964       0.004124
  512       6.000000       0.003467       0.000032      -0.247611       0.000021       0.179764       0.003176
 
