 # T      Dist(r)   f(r)           err_f (Solo para N=128)
  1.50     1       0.975515       0.000026
  1.50     2       0.973365       0.000030
  1.50     3       0.973149       0.000031
  1.50     4       0.973122       0.000031
  1.50     5       0.973119       0.000031
  1.50     6       0.973120       0.000031
  1.50     7       0.973118       0.000031
  1.50     8       0.973121       0.000031
  1.50     9       0.973114       0.000031
  1.50    10       0.973115       0.000031
  1.50    11       0.973120       0.000031
  1.50    12       0.973122       0.000031
  1.50    13       0.973124       0.000031
  1.50    14       0.973125       0.000031
  1.50    15       0.973122       0.000031
  1.50    16       0.973123       0.000031
  1.50    17       0.973118       0.000031
  1.50    18       0.973118       0.000031
  1.50    19       0.973123       0.000031
  1.50    20       0.973121       0.000031
  1.50    21       0.973122       0.000031
  1.50    22       0.973122       0.000031
  1.50    23       0.973120       0.000031
  1.50    24       0.973124       0.000031
  1.50    25       0.973120       0.000031
  1.50    26       0.973118       0.000031
  1.50    27       0.973119       0.000031
  1.50    28       0.973123       0.000031
  1.50    29       0.973117       0.000031
  1.50    30       0.973119       0.000031
  1.50    31       0.973117       0.000031
  1.50    32       0.973121       0.000031
  1.50    33       0.973121       0.000031
  1.50    34       0.973119       0.000031
  1.50    35       0.973120       0.000031
  1.50    36       0.973118       0.000031
  1.50    37       0.973119       0.000031
  1.50    38       0.973119       0.000031
  1.50    39       0.973123       0.000031
  1.50    40       0.973121       0.000031
  1.50    41       0.973121       0.000031
  1.50    42       0.973121       0.000031
  1.50    43       0.973119       0.000031
  1.50    44       0.973117       0.000031
  1.50    45       0.973117       0.000031
  1.50    46       0.973120       0.000031
  1.50    47       0.973126       0.000031
  1.50    48       0.973123       0.000031
  1.50    49       0.973116       0.000031
  1.50    50       0.973124       0.000031
  1.50    51       0.973119       0.000031
  1.50    52       0.973121       0.000031
  1.50    53       0.973125       0.000031
  1.50    54       0.973125       0.000031
  1.50    55       0.973122       0.000031
  1.50    56       0.973124       0.000031
  1.50    57       0.973126       0.000031
  1.50    58       0.973119       0.000031
  1.50    59       0.973123       0.000031
  1.50    60       0.973121       0.000031
  1.50    61       0.973118       0.000031
  1.50    62       0.973118       0.000031
  1.50    63       0.973119       0.000031
  1.50    64       0.973119       0.000031
 
  1.80     1       0.929655       0.000047
  1.80     2       0.918448       0.000060
  1.80     3       0.916258       0.000065
  1.80     4       0.915734       0.000067
  1.80     5       0.915587       0.000067
  1.80     6       0.915533       0.000067
  1.80     7       0.915529       0.000068
  1.80     8       0.915518       0.000068
  1.80     9       0.915516       0.000068
  1.80    10       0.915529       0.000068
  1.80    11       0.915527       0.000068
  1.80    12       0.915518       0.000068
  1.80    13       0.915523       0.000068
  1.80    14       0.915516       0.000068
  1.80    15       0.915511       0.000068
  1.80    16       0.915513       0.000068
  1.80    17       0.915521       0.000068
  1.80    18       0.915527       0.000068
  1.80    19       0.915524       0.000068
  1.80    20       0.915521       0.000068
  1.80    21       0.915518       0.000068
  1.80    22       0.915528       0.000068
  1.80    23       0.915535       0.000068
  1.80    24       0.915531       0.000068
  1.80    25       0.915526       0.000068
  1.80    26       0.915529       0.000068
  1.80    27       0.915519       0.000068
  1.80    28       0.915534       0.000068
  1.80    29       0.915534       0.000068
  1.80    30       0.915527       0.000068
  1.80    31       0.915510       0.000068
  1.80    32       0.915527       0.000068
  1.80    33       0.915521       0.000068
  1.80    34       0.915510       0.000067
  1.80    35       0.915509       0.000067
  1.80    36       0.915519       0.000067
  1.80    37       0.915523       0.000068
  1.80    38       0.915521       0.000068
  1.80    39       0.915513       0.000068
  1.80    40       0.915520       0.000068
  1.80    41       0.915524       0.000068
  1.80    42       0.915520       0.000067
  1.80    43       0.915526       0.000068
  1.80    44       0.915526       0.000068
  1.80    45       0.915526       0.000068
  1.80    46       0.915527       0.000068
  1.80    47       0.915519       0.000068
  1.80    48       0.915525       0.000068
  1.80    49       0.915531       0.000068
  1.80    50       0.915530       0.000068
  1.80    51       0.915526       0.000067
  1.80    52       0.915516       0.000068
  1.80    53       0.915518       0.000068
  1.80    54       0.915535       0.000068
  1.80    55       0.915530       0.000068
  1.80    56       0.915519       0.000068
  1.80    57       0.915518       0.000068
  1.80    58       0.915526       0.000068
  1.80    59       0.915528       0.000068
  1.80    60       0.915526       0.000068
  1.80    61       0.915520       0.000068
  1.80    62       0.915511       0.000068
  1.80    63       0.915515       0.000068
  1.80    64       0.915502       0.000068
 
  2.00     1       0.872744       0.000068
  2.00     2       0.844051       0.000095
  2.00     3       0.835633       0.000109
  2.00     4       0.832591       0.000117
  2.00     5       0.831356       0.000121
  2.00     6       0.830809       0.000124
  2.00     7       0.830559       0.000125
  2.00     8       0.830410       0.000126
  2.00     9       0.830345       0.000127
  2.00    10       0.830330       0.000127
  2.00    11       0.830308       0.000127
  2.00    12       0.830319       0.000127
  2.00    13       0.830294       0.000127
  2.00    14       0.830313       0.000127
  2.00    15       0.830305       0.000127
  2.00    16       0.830271       0.000127
  2.00    17       0.830272       0.000128
  2.00    18       0.830288       0.000127
  2.00    19       0.830306       0.000127
  2.00    20       0.830293       0.000127
  2.00    21       0.830314       0.000128
  2.00    22       0.830310       0.000127
  2.00    23       0.830288       0.000127
  2.00    24       0.830292       0.000128
  2.00    25       0.830287       0.000128
  2.00    26       0.830286       0.000128
  2.00    27       0.830312       0.000127
  2.00    28       0.830313       0.000127
  2.00    29       0.830291       0.000128
  2.00    30       0.830311       0.000128
  2.00    31       0.830293       0.000128
  2.00    32       0.830313       0.000127
  2.00    33       0.830296       0.000128
  2.00    34       0.830309       0.000128
  2.00    35       0.830282       0.000128
  2.00    36       0.830264       0.000128
  2.00    37       0.830277       0.000128
  2.00    38       0.830286       0.000128
  2.00    39       0.830304       0.000128
  2.00    40       0.830307       0.000128
  2.00    41       0.830304       0.000128
  2.00    42       0.830293       0.000128
  2.00    43       0.830301       0.000127
  2.00    44       0.830285       0.000128
  2.00    45       0.830281       0.000128
  2.00    46       0.830266       0.000127
  2.00    47       0.830271       0.000127
  2.00    48       0.830288       0.000128
  2.00    49       0.830289       0.000128
  2.00    50       0.830290       0.000128
  2.00    51       0.830291       0.000127
  2.00    52       0.830310       0.000127
  2.00    53       0.830303       0.000127
  2.00    54       0.830279       0.000127
  2.00    55       0.830284       0.000127
  2.00    56       0.830290       0.000127
  2.00    57       0.830294       0.000127
  2.00    58       0.830301       0.000127
  2.00    59       0.830300       0.000127
  2.00    60       0.830293       0.000128
  2.00    61       0.830301       0.000128
  2.00    62       0.830285       0.000128
  2.00    63       0.830297       0.000128
  2.00    64       0.830294       0.000128
 
  2.10     1       0.831060       0.000084
  2.10     2       0.785776       0.000122
  2.10     3       0.769721       0.000145
  2.10     4       0.762717       0.000159
  2.10     5       0.759248       0.000169
  2.10     6       0.757446       0.000176
  2.10     7       0.756367       0.000181
  2.10     8       0.755732       0.000184
  2.10     9       0.755369       0.000186
  2.10    10       0.755126       0.000188
  2.10    11       0.754960       0.000190
  2.10    12       0.754869       0.000191
  2.10    13       0.754773       0.000192
  2.10    14       0.754747       0.000192
  2.10    15       0.754739       0.000192
  2.10    16       0.754738       0.000193
  2.10    17       0.754704       0.000193
  2.10    18       0.754716       0.000193
  2.10    19       0.754691       0.000194
  2.10    20       0.754687       0.000193
  2.10    21       0.754671       0.000194
  2.10    22       0.754678       0.000194
  2.10    23       0.754679       0.000194
  2.10    24       0.754671       0.000193
  2.10    25       0.754674       0.000193
  2.10    26       0.754672       0.000194
  2.10    27       0.754684       0.000194
  2.10    28       0.754673       0.000193
  2.10    29       0.754674       0.000194
  2.10    30       0.754662       0.000194
  2.10    31       0.754649       0.000194
  2.10    32       0.754657       0.000194
  2.10    33       0.754628       0.000194
  2.10    34       0.754653       0.000195
  2.10    35       0.754655       0.000194
  2.10    36       0.754645       0.000194
  2.10    37       0.754652       0.000194
  2.10    38       0.754675       0.000194
  2.10    39       0.754625       0.000193
  2.10    40       0.754608       0.000194
  2.10    41       0.754628       0.000193
  2.10    42       0.754621       0.000194
  2.10    43       0.754619       0.000194
  2.10    44       0.754659       0.000194
  2.10    45       0.754652       0.000194
  2.10    46       0.754645       0.000194
  2.10    47       0.754656       0.000194
  2.10    48       0.754671       0.000193
  2.10    49       0.754670       0.000193
  2.10    50       0.754685       0.000193
  2.10    51       0.754681       0.000193
  2.10    52       0.754683       0.000193
  2.10    53       0.754674       0.000194
  2.10    54       0.754679       0.000194
  2.10    55       0.754666       0.000194
  2.10    56       0.754655       0.000194
  2.10    57       0.754667       0.000194
  2.10    58       0.754641       0.000194
  2.10    59       0.754649       0.000194
  2.10    60       0.754693       0.000194
  2.10    61       0.754668       0.000194
  2.10    62       0.754663       0.000194
  2.10    63       0.754636       0.000194
  2.10    64       0.754596       0.000195
 
  2.15     1       0.804877       0.000093
  2.15     2       0.747700       0.000140
  2.15     3       0.725363       0.000171
  2.15     4       0.714656       0.000192
  2.15     5       0.708793       0.000207
  2.15     6       0.705296       0.000219
  2.15     7       0.703122       0.000228
  2.15     8       0.701689       0.000235
  2.15     9       0.700764       0.000240
  2.15    10       0.700127       0.000245
  2.15    11       0.699689       0.000249
  2.15    12       0.699342       0.000252
  2.15    13       0.699114       0.000255
  2.15    14       0.698918       0.000257
  2.15    15       0.698803       0.000258
  2.15    16       0.698637       0.000260
  2.15    17       0.698567       0.000261
  2.15    18       0.698523       0.000262
  2.15    19       0.698493       0.000263
  2.15    20       0.698440       0.000264
  2.15    21       0.698389       0.000265
  2.15    22       0.698377       0.000265
  2.15    23       0.698360       0.000266
  2.15    24       0.698364       0.000267
  2.15    25       0.698314       0.000267
  2.15    26       0.698296       0.000267
  2.15    27       0.698369       0.000268
  2.15    28       0.698344       0.000268
  2.15    29       0.698290       0.000269
  2.15    30       0.698308       0.000269
  2.15    31       0.698304       0.000268
  2.15    32       0.698301       0.000268
  2.15    33       0.698286       0.000269
  2.15    34       0.698327       0.000269
  2.15    35       0.698320       0.000269
  2.15    36       0.698352       0.000269
  2.15    37       0.698349       0.000269
  2.15    38       0.698355       0.000269
  2.15    39       0.698356       0.000269
  2.15    40       0.698322       0.000269
  2.15    41       0.698334       0.000270
  2.15    42       0.698311       0.000270
  2.15    43       0.698316       0.000270
  2.15    44       0.698310       0.000270
  2.15    45       0.698320       0.000269
  2.15    46       0.698298       0.000269
  2.15    47       0.698298       0.000269
  2.15    48       0.698269       0.000269
  2.15    49       0.698309       0.000269
  2.15    50       0.698345       0.000269
  2.15    51       0.698335       0.000270
  2.15    52       0.698332       0.000270
  2.15    53       0.698353       0.000270
  2.15    54       0.698361       0.000270
  2.15    55       0.698329       0.000270
  2.15    56       0.698342       0.000270
  2.15    57       0.698336       0.000270
  2.15    58       0.698332       0.000270
  2.15    59       0.698334       0.000270
  2.15    60       0.698353       0.000270
  2.15    61       0.698303       0.000270
  2.15    62       0.698314       0.000271
  2.15    63       0.698338       0.000271
  2.15    64       0.698333       0.000272
 
  2.20     1       0.773028       0.000105
  2.20     2       0.699802       0.000165
  2.20     3       0.668000       0.000208
  2.20     4       0.651012       0.000239
  2.20     5       0.640713       0.000263
  2.20     6       0.633992       0.000284
  2.20     7       0.629361       0.000301
  2.20     8       0.625995       0.000316
  2.20     9       0.623542       0.000328
  2.20    10       0.621688       0.000338
  2.20    11       0.620266       0.000347
  2.20    12       0.619197       0.000355
  2.20    13       0.618335       0.000363
  2.20    14       0.617630       0.000369
  2.20    15       0.617035       0.000374
  2.20    16       0.616539       0.000378
  2.20    17       0.616189       0.000382
  2.20    18       0.615925       0.000386
  2.20    19       0.615726       0.000389
  2.20    20       0.615562       0.000391
  2.20    21       0.615409       0.000394
  2.20    22       0.615263       0.000395
  2.20    23       0.615193       0.000397
  2.20    24       0.615038       0.000398
  2.20    25       0.615011       0.000399
  2.20    26       0.614935       0.000401
  2.20    27       0.614850       0.000402
  2.20    28       0.614812       0.000402
  2.20    29       0.614875       0.000403
  2.20    30       0.614875       0.000403
  2.20    31       0.614864       0.000404
  2.20    32       0.614855       0.000404
  2.20    33       0.614825       0.000404
  2.20    34       0.614787       0.000404
  2.20    35       0.614814       0.000404
  2.20    36       0.614830       0.000405
  2.20    37       0.614770       0.000405
  2.20    38       0.614718       0.000405
  2.20    39       0.614740       0.000404
  2.20    40       0.614779       0.000405
  2.20    41       0.614704       0.000405
  2.20    42       0.614697       0.000405
  2.20    43       0.614707       0.000406
  2.20    44       0.614731       0.000406
  2.20    45       0.614736       0.000406
  2.20    46       0.614713       0.000406
  2.20    47       0.614710       0.000406
  2.20    48       0.614738       0.000405
  2.20    49       0.614784       0.000405
  2.20    50       0.614774       0.000405
  2.20    51       0.614788       0.000405
  2.20    52       0.614811       0.000405
  2.20    53       0.614809       0.000406
  2.20    54       0.614772       0.000405
  2.20    55       0.614760       0.000405
  2.20    56       0.614782       0.000405
  2.20    57       0.614778       0.000405
  2.20    58       0.614764       0.000405
  2.20    59       0.614765       0.000406
  2.20    60       0.614742       0.000406
  2.20    61       0.614738       0.000407
  2.20    62       0.614800       0.000407
  2.20    63       0.614842       0.000408
  2.20    64       0.614912       0.000409
 
  2.22     1       0.758261       0.000112
  2.22     2       0.677132       0.000177
  2.22     3       0.640291       0.000224
  2.22     4       0.619738       0.000261
  2.22     5       0.606804       0.000291
  2.22     6       0.597941       0.000318
  2.22     7       0.591637       0.000340
  2.22     8       0.586964       0.000360
  2.22     9       0.583421       0.000377
  2.22    10       0.580570       0.000392
  2.22    11       0.578332       0.000406
  2.22    12       0.576582       0.000418
  2.22    13       0.575177       0.000429
  2.22    14       0.573984       0.000440
  2.22    15       0.572994       0.000448
  2.22    16       0.572120       0.000456
  2.22    17       0.571398       0.000463
  2.22    18       0.570840       0.000470
  2.22    19       0.570352       0.000475
  2.22    20       0.569975       0.000481
  2.22    21       0.569660       0.000485
  2.22    22       0.569370       0.000490
  2.22    23       0.569186       0.000494
  2.22    24       0.568923       0.000498
  2.22    25       0.568728       0.000503
  2.22    26       0.568504       0.000507
  2.22    27       0.568290       0.000510
  2.22    28       0.568122       0.000512
  2.22    29       0.568000       0.000514
  2.22    30       0.567908       0.000517
  2.22    31       0.567812       0.000520
  2.22    32       0.567787       0.000522
  2.22    33       0.567766       0.000524
  2.22    34       0.567677       0.000526
  2.22    35       0.567626       0.000527
  2.22    36       0.567569       0.000529
  2.22    37       0.567545       0.000530
  2.22    38       0.567500       0.000531
  2.22    39       0.567454       0.000532
  2.22    40       0.567473       0.000533
  2.22    41       0.567386       0.000535
  2.22    42       0.567354       0.000536
  2.22    43       0.567315       0.000537
  2.22    44       0.567244       0.000538
  2.22    45       0.567203       0.000538
  2.22    46       0.567227       0.000539
  2.22    47       0.567227       0.000539
  2.22    48       0.567224       0.000539
  2.22    49       0.567205       0.000540
  2.22    50       0.567270       0.000540
  2.22    51       0.567277       0.000541
  2.22    52       0.567243       0.000541
  2.22    53       0.567239       0.000542
  2.22    54       0.567256       0.000542
  2.22    55       0.567214       0.000542
  2.22    56       0.567214       0.000542
  2.22    57       0.567182       0.000544
  2.22    58       0.567167       0.000544
  2.22    59       0.567168       0.000545
  2.22    60       0.567185       0.000546
  2.22    61       0.567198       0.000547
  2.22    62       0.567183       0.000547
  2.22    63       0.567184       0.000548
  2.22    64       0.567187       0.000549
 
  2.24     1       0.741247       0.000121
  2.24     2       0.650433       0.000197
  2.24     3       0.607099       0.000254
  2.24     4       0.581798       0.000301
  2.24     5       0.565041       0.000340
  2.24     6       0.553163       0.000375
  2.24     7       0.544241       0.000406
  2.24     8       0.537368       0.000433
  2.24     9       0.531947       0.000456
  2.24    10       0.527604       0.000479
  2.24    11       0.523973       0.000500
  2.24    12       0.520917       0.000519
  2.24    13       0.518357       0.000537
  2.24    14       0.516165       0.000554
  2.24    15       0.514295       0.000569
  2.24    16       0.512698       0.000584
  2.24    17       0.511223       0.000599
  2.24    18       0.509953       0.000612
  2.24    19       0.508814       0.000625
  2.24    20       0.507864       0.000637
  2.24    21       0.506984       0.000648
  2.24    22       0.506251       0.000659
  2.24    23       0.505513       0.000670
  2.24    24       0.504898       0.000680
  2.24    25       0.504291       0.000690
  2.24    26       0.503736       0.000700
  2.24    27       0.503261       0.000709
  2.24    28       0.502848       0.000717
  2.24    29       0.502477       0.000726
  2.24    30       0.502115       0.000734
  2.24    31       0.501786       0.000741
  2.24    32       0.501444       0.000749
  2.24    33       0.501187       0.000756
  2.24    34       0.500952       0.000763
  2.24    35       0.500724       0.000770
  2.24    36       0.500553       0.000777
  2.24    37       0.500336       0.000783
  2.24    38       0.500143       0.000789
  2.24    39       0.500005       0.000794
  2.24    40       0.499831       0.000799
  2.24    41       0.499690       0.000805
  2.24    42       0.499555       0.000810
  2.24    43       0.499437       0.000815
  2.24    44       0.499343       0.000820
  2.24    45       0.499217       0.000825
  2.24    46       0.499090       0.000829
  2.24    47       0.499017       0.000833
  2.24    48       0.498909       0.000837
  2.24    49       0.498792       0.000841
  2.24    50       0.498703       0.000845
  2.24    51       0.498632       0.000849
  2.24    52       0.498570       0.000852
  2.24    53       0.498508       0.000855
  2.24    54       0.498458       0.000858
  2.24    55       0.498428       0.000860
  2.24    56       0.498358       0.000862
  2.24    57       0.498306       0.000865
  2.24    58       0.498280       0.000866
  2.24    59       0.498207       0.000868
  2.24    60       0.498175       0.000870
  2.24    61       0.498104       0.000870
  2.24    62       0.498074       0.000872
  2.24    63       0.498048       0.000873
  2.24    64       0.497993       0.000875
 
  2.25     1       0.731530       0.000130
  2.25     2       0.634896       0.000214
  2.25     3       0.587563       0.000278
  2.25     4       0.559125       0.000331
  2.25     5       0.539807       0.000377
  2.25     6       0.525756       0.000418
  2.25     7       0.515101       0.000455
  2.25     8       0.506521       0.000490
  2.25     9       0.499665       0.000521
  2.25    10       0.493950       0.000550
  2.25    11       0.489181       0.000578
  2.25    12       0.485067       0.000604
  2.25    13       0.481438       0.000628
  2.25    14       0.478326       0.000651
  2.25    15       0.475619       0.000673
  2.25    16       0.473176       0.000694
  2.25    17       0.471030       0.000714
  2.25    18       0.469124       0.000733
  2.25    19       0.467450       0.000752
  2.25    20       0.465854       0.000768
  2.25    21       0.464484       0.000784
  2.25    22       0.463246       0.000800
  2.25    23       0.462082       0.000815
  2.25    24       0.461013       0.000829
  2.25    25       0.460076       0.000843
  2.25    26       0.459226       0.000857
  2.25    27       0.458382       0.000870
  2.25    28       0.457597       0.000882
  2.25    29       0.456881       0.000894
  2.25    30       0.456224       0.000906
  2.25    31       0.455606       0.000917
  2.25    32       0.455019       0.000928
  2.25    33       0.454537       0.000939
  2.25    34       0.454055       0.000949
  2.25    35       0.453583       0.000958
  2.25    36       0.453163       0.000967
  2.25    37       0.452768       0.000976
  2.25    38       0.452371       0.000985
  2.25    39       0.451967       0.000993
  2.25    40       0.451641       0.001001
  2.25    41       0.451347       0.001009
  2.25    42       0.451073       0.001017
  2.25    43       0.450775       0.001024
  2.25    44       0.450482       0.001032
  2.25    45       0.450233       0.001040
  2.25    46       0.450052       0.001046
  2.25    47       0.449892       0.001052
  2.25    48       0.449690       0.001057
  2.25    49       0.449469       0.001062
  2.25    50       0.449250       0.001067
  2.25    51       0.449075       0.001072
  2.25    52       0.448969       0.001077
  2.25    53       0.448824       0.001082
  2.25    54       0.448703       0.001086
  2.25    55       0.448641       0.001090
  2.25    56       0.448543       0.001093
  2.25    57       0.448466       0.001097
  2.25    58       0.448374       0.001101
  2.25    59       0.448328       0.001104
  2.25    60       0.448294       0.001106
  2.25    61       0.448289       0.001108
  2.25    62       0.448259       0.001110
  2.25    63       0.448266       0.001111
  2.25    64       0.448301       0.001112
 
  2.26     1       0.720274       0.000139
  2.26     2       0.616672       0.000230
  2.26     3       0.564323       0.000300
  2.26     4       0.531911       0.000360
  2.26     5       0.509371       0.000412
  2.26     6       0.492509       0.000460
  2.26     7       0.479231       0.000503
  2.26     8       0.468525       0.000542
  2.26     9       0.459713       0.000580
  2.26    10       0.452209       0.000616
  2.26    11       0.445840       0.000649
  2.26    12       0.440289       0.000680
  2.26    13       0.435482       0.000710
  2.26    14       0.431157       0.000738
  2.26    15       0.427323       0.000764
  2.26    16       0.423901       0.000789
  2.26    17       0.420868       0.000813
  2.26    18       0.418047       0.000836
  2.26    19       0.415544       0.000857
  2.26    20       0.413290       0.000877
  2.26    21       0.411197       0.000897
  2.26    22       0.409316       0.000916
  2.26    23       0.407610       0.000934
  2.26    24       0.405913       0.000950
  2.26    25       0.404507       0.000966
  2.26    26       0.403261       0.000981
  2.26    27       0.402032       0.000997
  2.26    28       0.400884       0.001011
  2.26    29       0.399864       0.001024
  2.26    30       0.398877       0.001038
  2.26    31       0.397940       0.001050
  2.26    32       0.397045       0.001062
  2.26    33       0.396185       0.001073
  2.26    34       0.395403       0.001084
  2.26    35       0.394761       0.001095
  2.26    36       0.394157       0.001104
  2.26    37       0.393651       0.001113
  2.26    38       0.393046       0.001122
  2.26    39       0.392507       0.001130
  2.26    40       0.392028       0.001138
  2.26    41       0.391684       0.001145
  2.26    42       0.391237       0.001152
  2.26    43       0.390938       0.001159
  2.26    44       0.390601       0.001165
  2.26    45       0.390256       0.001172
  2.26    46       0.390010       0.001178
  2.26    47       0.389712       0.001184
  2.26    48       0.389517       0.001189
  2.26    49       0.389296       0.001194
  2.26    50       0.389129       0.001199
  2.26    51       0.388934       0.001204
  2.26    52       0.388754       0.001208
  2.26    53       0.388569       0.001211
  2.26    54       0.388482       0.001215
  2.26    55       0.388348       0.001220
  2.26    56       0.388296       0.001224
  2.26    57       0.388225       0.001227
  2.26    58       0.388159       0.001230
  2.26    59       0.388028       0.001233
  2.26    60       0.387929       0.001236
  2.26    61       0.387942       0.001238
  2.26    62       0.388005       0.001239
  2.26    63       0.388061       0.001240
  2.26    64       0.388041       0.001241
 
  2.27     1       0.708745       0.000146
  2.27     2       0.597828       0.000243
  2.27     3       0.540279       0.000320
  2.27     4       0.503738       0.000385
  2.27     5       0.477638       0.000443
  2.27     6       0.457649       0.000497
  2.27     7       0.441736       0.000545
  2.27     8       0.428590       0.000591
  2.27     9       0.417518       0.000634
  2.27    10       0.408032       0.000675
  2.27    11       0.399787       0.000712
  2.27    12       0.392510       0.000748
  2.27    13       0.386014       0.000783
  2.27    14       0.380202       0.000817
  2.27    15       0.374957       0.000849
  2.27    16       0.370164       0.000879
  2.27    17       0.365895       0.000908
  2.27    18       0.361919       0.000936
  2.27    19       0.358394       0.000963
  2.27    20       0.355090       0.000990
  2.27    21       0.352005       0.001015
  2.27    22       0.349188       0.001040
  2.27    23       0.346537       0.001063
  2.27    24       0.344090       0.001086
  2.27    25       0.341732       0.001108
  2.27    26       0.339504       0.001129
  2.27    27       0.337519       0.001150
  2.27    28       0.335614       0.001170
  2.27    29       0.333749       0.001189
  2.27    30       0.331993       0.001209
  2.27    31       0.330430       0.001227
  2.27    32       0.328885       0.001246
  2.27    33       0.327464       0.001264
  2.27    34       0.326176       0.001280
  2.27    35       0.324893       0.001296
  2.27    36       0.323769       0.001311
  2.27    37       0.322665       0.001326
  2.27    38       0.321641       0.001340
  2.27    39       0.320671       0.001354
  2.27    40       0.319727       0.001367
  2.27    41       0.318829       0.001381
  2.27    42       0.317977       0.001394
  2.27    43       0.317183       0.001406
  2.27    44       0.316430       0.001418
  2.27    45       0.315766       0.001429
  2.27    46       0.315058       0.001439
  2.27    47       0.314388       0.001449
  2.27    48       0.313757       0.001458
  2.27    49       0.313236       0.001467
  2.27    50       0.312720       0.001476
  2.27    51       0.312300       0.001484
  2.27    52       0.311905       0.001492
  2.27    53       0.311610       0.001499
  2.27    54       0.311272       0.001506
  2.27    55       0.310958       0.001512
  2.27    56       0.310670       0.001518
  2.27    57       0.310413       0.001524
  2.27    58       0.310262       0.001529
  2.27    59       0.310108       0.001533
  2.27    60       0.309990       0.001536
  2.27    61       0.309915       0.001539
  2.27    62       0.309829       0.001541
  2.27    63       0.309800       0.001543
  2.27    64       0.309791       0.001543
 
  2.28     1       0.696071       0.000144
  2.28     2       0.576875       0.000240
  2.28     3       0.513169       0.000315
  2.28     4       0.471685       0.000380
  2.28     5       0.441395       0.000437
  2.28     6       0.417746       0.000489
  2.28     7       0.398437       0.000537
  2.28     8       0.382232       0.000582
  2.28     9       0.368383       0.000625
  2.28    10       0.356241       0.000665
  2.28    11       0.345457       0.000703
  2.28    12       0.335862       0.000740
  2.28    13       0.327289       0.000775
  2.28    14       0.319507       0.000808
  2.28    15       0.312461       0.000839
  2.28    16       0.306002       0.000869
  2.28    17       0.300055       0.000899
  2.28    18       0.294592       0.000927
  2.28    19       0.289466       0.000953
  2.28    20       0.284702       0.000980
  2.28    21       0.280310       0.001006
  2.28    22       0.276102       0.001030
  2.28    23       0.272192       0.001055
  2.28    24       0.268482       0.001078
  2.28    25       0.264990       0.001101
  2.28    26       0.261768       0.001124
  2.28    27       0.258812       0.001145
  2.28    28       0.255897       0.001166
  2.28    29       0.253184       0.001186
  2.28    30       0.250635       0.001205
  2.28    31       0.248271       0.001224
  2.28    32       0.245966       0.001242
  2.28    33       0.243821       0.001259
  2.28    34       0.241869       0.001276
  2.28    35       0.240040       0.001292
  2.28    36       0.238245       0.001309
  2.28    37       0.236581       0.001325
  2.28    38       0.234930       0.001341
  2.28    39       0.233440       0.001356
  2.28    40       0.231974       0.001371
  2.28    41       0.230634       0.001384
  2.28    42       0.229453       0.001397
  2.28    43       0.228264       0.001410
  2.28    44       0.227193       0.001423
  2.28    45       0.226246       0.001435
  2.28    46       0.225337       0.001447
  2.28    47       0.224426       0.001458
  2.28    48       0.223567       0.001468
  2.28    49       0.222843       0.001478
  2.28    50       0.222088       0.001489
  2.28    51       0.221425       0.001499
  2.28    52       0.220828       0.001509
  2.28    53       0.220309       0.001517
  2.28    54       0.219792       0.001525
  2.28    55       0.219239       0.001533
  2.28    56       0.218793       0.001539
  2.28    57       0.218457       0.001545
  2.28    58       0.218184       0.001551
  2.28    59       0.217874       0.001557
  2.28    60       0.217720       0.001561
  2.28    61       0.217549       0.001564
  2.28    62       0.217445       0.001567
  2.28    63       0.217405       0.001570
  2.28    64       0.217406       0.001571
 
  2.29     1       0.683344       0.000141
  2.29     2       0.555966       0.000234
  2.29     3       0.486298       0.000307
  2.29     4       0.440007       0.000369
  2.29     5       0.405690       0.000423
  2.29     6       0.378471       0.000473
  2.29     7       0.356036       0.000518
  2.29     8       0.337035       0.000561
  2.29     9       0.320710       0.000601
  2.29    10       0.306309       0.000638
  2.29    11       0.293528       0.000673
  2.29    12       0.282027       0.000706
  2.29    13       0.271586       0.000737
  2.29    14       0.262008       0.000768
  2.29    15       0.253293       0.000797
  2.29    16       0.245297       0.000825
  2.29    17       0.237960       0.000852
  2.29    18       0.231157       0.000878
  2.29    19       0.224846       0.000902
  2.29    20       0.219024       0.000926
  2.29    21       0.213576       0.000948
  2.29    22       0.208464       0.000970
  2.29    23       0.203558       0.000992
  2.29    24       0.198920       0.001013
  2.29    25       0.194535       0.001034
  2.29    26       0.190449       0.001055
  2.29    27       0.186605       0.001075
  2.29    28       0.183010       0.001094
  2.29    29       0.179727       0.001112
  2.29    30       0.176613       0.001130
  2.29    31       0.173669       0.001147
  2.29    32       0.170855       0.001164
  2.29    33       0.168131       0.001181
  2.29    34       0.165617       0.001197
  2.29    35       0.163201       0.001213
  2.29    36       0.160821       0.001228
  2.29    37       0.158570       0.001244
  2.29    38       0.156435       0.001259
  2.29    39       0.154457       0.001274
  2.29    40       0.152534       0.001289
  2.29    41       0.150778       0.001304
  2.29    42       0.149084       0.001318
  2.29    43       0.147459       0.001332
  2.29    44       0.145895       0.001347
  2.29    45       0.144451       0.001361
  2.29    46       0.143107       0.001373
  2.29    47       0.141831       0.001385
  2.29    48       0.140666       0.001397
  2.29    49       0.139599       0.001408
  2.29    50       0.138533       0.001420
  2.29    51       0.137556       0.001430
  2.29    52       0.136675       0.001441
  2.29    53       0.135868       0.001451
  2.29    54       0.135076       0.001461
  2.29    55       0.134426       0.001471
  2.29    56       0.133820       0.001480
  2.29    57       0.133364       0.001489
  2.29    58       0.132944       0.001497
  2.29    59       0.132652       0.001505
  2.29    60       0.132418       0.001511
  2.29    61       0.132188       0.001517
  2.29    62       0.131981       0.001521
  2.29    63       0.131827       0.001524
  2.29    64       0.131810       0.001526
 
  2.30     1       0.672818       0.000133
  2.30     2       0.539041       0.000218
  2.30     3       0.464854       0.000284
  2.30     4       0.415114       0.000339
  2.30     5       0.377886       0.000388
  2.30     6       0.348356       0.000431
  2.30     7       0.323854       0.000470
  2.30     8       0.302979       0.000506
  2.30     9       0.284934       0.000540
  2.30    10       0.269108       0.000573
  2.30    11       0.254967       0.000603
  2.30    12       0.242264       0.000631
  2.30    13       0.230763       0.000658
  2.30    14       0.220247       0.000683
  2.30    15       0.210708       0.000707
  2.30    16       0.201851       0.000730
  2.30    17       0.193705       0.000752
  2.30    18       0.186102       0.000773
  2.30    19       0.179049       0.000794
  2.30    20       0.172544       0.000814
  2.30    21       0.166429       0.000833
  2.30    22       0.160710       0.000852
  2.30    23       0.155359       0.000870
  2.30    24       0.150262       0.000887
  2.30    25       0.145492       0.000904
  2.30    26       0.141069       0.000920
  2.30    27       0.136925       0.000936
  2.30    28       0.133008       0.000950
  2.30    29       0.129294       0.000966
  2.30    30       0.125893       0.000980
  2.30    31       0.122612       0.000994
  2.30    32       0.119496       0.001008
  2.30    33       0.116591       0.001021
  2.30    34       0.113845       0.001035
  2.30    35       0.111268       0.001048
  2.30    36       0.108776       0.001061
  2.30    37       0.106450       0.001074
  2.30    38       0.104235       0.001087
  2.30    39       0.102144       0.001100
  2.30    40       0.100164       0.001113
  2.30    41       0.098322       0.001126
  2.30    42       0.096604       0.001138
  2.30    43       0.095053       0.001150
  2.30    44       0.093599       0.001161
  2.30    45       0.092160       0.001173
  2.30    46       0.090913       0.001184
  2.30    47       0.089758       0.001195
  2.30    48       0.088658       0.001206
  2.30    49       0.087638       0.001217
  2.30    50       0.086767       0.001227
  2.30    51       0.085866       0.001237
  2.30    52       0.085013       0.001246
  2.30    53       0.084247       0.001255
  2.30    54       0.083621       0.001264
  2.30    55       0.082972       0.001274
  2.30    56       0.082472       0.001282
  2.30    57       0.082022       0.001290
  2.30    58       0.081562       0.001298
  2.30    59       0.081169       0.001306
  2.30    60       0.080854       0.001312
  2.30    61       0.080527       0.001318
  2.30    62       0.080316       0.001323
  2.30    63       0.080227       0.001325
  2.30    64       0.080291       0.001327
 
  2.32     1       0.654824       0.000123
  2.32     2       0.510810       0.000197
  2.32     3       0.429852       0.000251
  2.32     4       0.375112       0.000297
  2.32     5       0.333983       0.000336
  2.32     6       0.301185       0.000370
  2.32     7       0.274135       0.000400
  2.32     8       0.251133       0.000427
  2.32     9       0.231346       0.000452
  2.32    10       0.213980       0.000474
  2.32    11       0.198667       0.000495
  2.32    12       0.184886       0.000515
  2.32    13       0.172567       0.000533
  2.32    14       0.161447       0.000549
  2.32    15       0.151412       0.000565
  2.32    16       0.142263       0.000578
  2.32    17       0.133747       0.000592
  2.32    18       0.125919       0.000605
  2.32    19       0.118792       0.000617
  2.32    20       0.112335       0.000629
  2.32    21       0.106207       0.000639
  2.32    22       0.100645       0.000650
  2.32    23       0.095294       0.000660
  2.32    24       0.090396       0.000670
  2.32    25       0.085905       0.000679
  2.32    26       0.081686       0.000688
  2.32    27       0.077732       0.000697
  2.32    28       0.074085       0.000706
  2.32    29       0.070589       0.000714
  2.32    30       0.067441       0.000721
  2.32    31       0.064439       0.000729
  2.32    32       0.061647       0.000737
  2.32    33       0.059133       0.000743
  2.32    34       0.056695       0.000750
  2.32    35       0.054474       0.000755
  2.32    36       0.052435       0.000761
  2.32    37       0.050475       0.000767
  2.32    38       0.048656       0.000774
  2.32    39       0.047013       0.000781
  2.32    40       0.045486       0.000788
  2.32    41       0.043993       0.000797
  2.32    42       0.042666       0.000805
  2.32    43       0.041358       0.000812
  2.32    44       0.040110       0.000820
  2.32    45       0.038922       0.000827
  2.32    46       0.037878       0.000835
  2.32    47       0.036878       0.000842
  2.32    48       0.035997       0.000851
  2.32    49       0.035167       0.000859
  2.32    50       0.034436       0.000868
  2.32    51       0.033680       0.000877
  2.32    52       0.033079       0.000886
  2.32    53       0.032563       0.000896
  2.32    54       0.032212       0.000906
  2.32    55       0.031785       0.000916
  2.32    56       0.031300       0.000925
  2.32    57       0.030979       0.000935
  2.32    58       0.030675       0.000943
  2.32    59       0.030414       0.000951
  2.32    60       0.030112       0.000959
  2.32    61       0.029990       0.000966
  2.32    62       0.029826       0.000973
  2.32    63       0.029656       0.000976
  2.32    64       0.029646       0.000979
 
  2.35     1       0.632562       0.000111
  2.35     2       0.476756       0.000174
  2.35     3       0.388536       0.000219
  2.35     4       0.328875       0.000254
  2.35     5       0.284457       0.000281
  2.35     6       0.249429       0.000305
  2.35     7       0.220777       0.000325
  2.35     8       0.196926       0.000343
  2.35     9       0.176497       0.000359
  2.35    10       0.158949       0.000373
  2.35    11       0.143699       0.000385
  2.35    12       0.130302       0.000396
  2.35    13       0.118475       0.000406
  2.35    14       0.108002       0.000415
  2.35    15       0.098660       0.000422
  2.35    16       0.090341       0.000428
  2.35    17       0.082778       0.000434
  2.35    18       0.075962       0.000440
  2.35    19       0.069805       0.000444
  2.35    20       0.064145       0.000449
  2.35    21       0.058950       0.000452
  2.35    22       0.054273       0.000456
  2.35    23       0.050020       0.000458
  2.35    24       0.046178       0.000461
  2.35    25       0.042681       0.000463
  2.35    26       0.039550       0.000465
  2.35    27       0.036636       0.000467
  2.35    28       0.033886       0.000468
  2.35    29       0.031515       0.000470
  2.35    30       0.029187       0.000471
  2.35    31       0.027029       0.000472
  2.35    32       0.025125       0.000472
  2.35    33       0.023322       0.000474
  2.35    34       0.021698       0.000476
  2.35    35       0.020096       0.000478
  2.35    36       0.018615       0.000480
  2.35    37       0.017238       0.000483
  2.35    38       0.015991       0.000485
  2.35    39       0.014909       0.000488
  2.35    40       0.013854       0.000492
  2.35    41       0.012924       0.000496
  2.35    42       0.012157       0.000500
  2.35    43       0.011302       0.000504
  2.35    44       0.010532       0.000508
  2.35    45       0.009821       0.000513
  2.35    46       0.009136       0.000518
  2.35    47       0.008538       0.000524
  2.35    48       0.007992       0.000530
  2.35    49       0.007493       0.000537
  2.35    50       0.007144       0.000545
  2.35    51       0.006773       0.000553
  2.35    52       0.006421       0.000561
  2.35    53       0.006150       0.000569
  2.35    54       0.005847       0.000579
  2.35    55       0.005671       0.000589
  2.35    56       0.005434       0.000599
  2.35    57       0.005233       0.000609
  2.35    58       0.005082       0.000619
  2.35    59       0.005071       0.000630
  2.35    60       0.004924       0.000641
  2.35    61       0.004788       0.000651
  2.35    62       0.004723       0.000659
  2.35    63       0.004622       0.000666
  2.35    64       0.004642       0.000670
 
  2.40     1       0.602118       0.000106
  2.40     2       0.431965       0.000162
  2.40     3       0.336361       0.000198
  2.40     4       0.272847       0.000225
  2.40     5       0.226562       0.000247
  2.40     6       0.190844       0.000264
  2.40     7       0.162365       0.000277
  2.40     8       0.139173       0.000288
  2.40     9       0.120011       0.000297
  2.40    10       0.103986       0.000304
  2.40    11       0.090397       0.000310
  2.40    12       0.078842       0.000315
  2.40    13       0.068879       0.000319
  2.40    14       0.060402       0.000322
  2.40    15       0.053146       0.000324
  2.40    16       0.046780       0.000327
  2.40    17       0.041374       0.000328
  2.40    18       0.036578       0.000331
  2.40    19       0.032398       0.000333
  2.40    20       0.028801       0.000336
  2.40    21       0.025631       0.000336
  2.40    22       0.022821       0.000338
  2.40    23       0.020459       0.000339
  2.40    24       0.018384       0.000339
  2.40    25       0.016520       0.000339
  2.40    26       0.014846       0.000338
  2.40    27       0.013304       0.000339
  2.40    28       0.011851       0.000339
  2.40    29       0.010621       0.000339
  2.40    30       0.009504       0.000337
  2.40    31       0.008492       0.000337
  2.40    32       0.007612       0.000338
  2.40    33       0.006830       0.000338
  2.40    34       0.006089       0.000337
  2.40    35       0.005425       0.000336
  2.40    36       0.004805       0.000336
  2.40    37       0.004260       0.000337
  2.40    38       0.003738       0.000339
  2.40    39       0.003442       0.000341
  2.40    40       0.003177       0.000343
  2.40    41       0.002990       0.000345
  2.40    42       0.002713       0.000346
  2.40    43       0.002455       0.000348
  2.40    44       0.002326       0.000350
  2.40    45       0.002182       0.000351
  2.40    46       0.002040       0.000353
  2.40    47       0.001879       0.000355
  2.40    48       0.001754       0.000359
  2.40    49       0.001585       0.000362
  2.40    50       0.001406       0.000366
  2.40    51       0.001339       0.000370
  2.40    52       0.001378       0.000375
  2.40    53       0.001357       0.000380
  2.40    54       0.001396       0.000386
  2.40    55       0.001282       0.000393
  2.40    56       0.001210       0.000402
  2.40    57       0.001099       0.000410
  2.40    58       0.001111       0.000419
  2.40    59       0.001065       0.000430
  2.40    60       0.001102       0.000442
  2.40    61       0.001007       0.000452
  2.40    62       0.000975       0.000463
  2.40    63       0.001012       0.000472
  2.40    64       0.000942       0.000477
 
  2.45     1       0.575873       0.000101
  2.45     2       0.394806       0.000150
  2.45     3       0.294475       0.000182
  2.45     4       0.229227       0.000204
  2.45     5       0.182917       0.000220
  2.45     6       0.148179       0.000233
  2.45     7       0.121391       0.000242
  2.45     8       0.100249       0.000249
  2.45     9       0.083353       0.000253
  2.45    10       0.069617       0.000257
  2.45    11       0.058416       0.000260
  2.45    12       0.049121       0.000264
  2.45    13       0.041493       0.000267
  2.45    14       0.035146       0.000271
  2.45    15       0.029795       0.000273
  2.45    16       0.025285       0.000273
  2.45    17       0.021438       0.000274
  2.45    18       0.018162       0.000274
  2.45    19       0.015412       0.000275
  2.45    20       0.013169       0.000277
  2.45    21       0.011308       0.000278
  2.45    22       0.009809       0.000278
  2.45    23       0.008475       0.000279
  2.45    24       0.007327       0.000279
  2.45    25       0.006287       0.000279
  2.45    26       0.005442       0.000279
  2.45    27       0.004611       0.000279
  2.45    28       0.003937       0.000277
  2.45    29       0.003334       0.000277
  2.45    30       0.002735       0.000275
  2.45    31       0.002371       0.000275
  2.45    32       0.002055       0.000275
  2.45    33       0.001825       0.000276
  2.45    34       0.001612       0.000275
  2.45    35       0.001356       0.000275
  2.45    36       0.001077       0.000276
  2.45    37       0.000807       0.000274
  2.45    38       0.000572       0.000275
  2.45    39       0.000474       0.000275
  2.45    40       0.000307       0.000275
  2.45    41       0.000221       0.000276
  2.45    42       0.000111       0.000276
  2.45    43       0.000120       0.000276
  2.45    44       0.000016       0.000276
  2.45    45      -0.000033       0.000277
  2.45    46      -0.000046       0.000278
  2.45    47      -0.000070       0.000280
  2.45    48       0.000041       0.000282
  2.45    49       0.000147       0.000284
  2.45    50       0.000187       0.000285
  2.45    51       0.000182       0.000287
  2.45    52       0.000120       0.000288
  2.45    53       0.000114       0.000292
  2.45    54       0.000006       0.000296
  2.45    55      -0.000011       0.000301
  2.45    56      -0.000034       0.000305
  2.45    57       0.000020       0.000312
  2.45    58       0.000019       0.000320
  2.45    59       0.000071       0.000330
  2.45    60       0.000053       0.000341
  2.45    61       0.000110       0.000353
  2.45    62      -0.000036       0.000366
  2.45    63      -0.000093       0.000379
  2.45    64      -0.000032       0.000387
 
  2.50     1       0.552967       0.000097
  2.50     2       0.363602       0.000142
  2.50     3       0.260615       0.000170
  2.50     4       0.195387       0.000189
  2.50     5       0.150256       0.000202
  2.50     6       0.117351       0.000211
  2.50     7       0.092818       0.000218
  2.50     8       0.073975       0.000223
  2.50     9       0.059388       0.000227
  2.50    10       0.047912       0.000230
  2.50    11       0.038761       0.000233
  2.50    12       0.031478       0.000234
  2.50    13       0.025678       0.000234
  2.50    14       0.020993       0.000234
  2.50    15       0.017248       0.000234
  2.50    16       0.014115       0.000234
  2.50    17       0.011662       0.000233
  2.50    18       0.009576       0.000233
  2.50    19       0.007849       0.000233
  2.50    20       0.006438       0.000234
  2.50    21       0.005396       0.000234
  2.50    22       0.004456       0.000234
  2.50    23       0.003698       0.000235
  2.50    24       0.003041       0.000235
  2.50    25       0.002504       0.000235
  2.50    26       0.002042       0.000236
  2.50    27       0.001620       0.000236
  2.50    28       0.001234       0.000235
  2.50    29       0.000977       0.000234
  2.50    30       0.000689       0.000234
  2.50    31       0.000509       0.000235
  2.50    32       0.000309       0.000235
  2.50    33       0.000165       0.000235
  2.50    34       0.000147       0.000235
  2.50    35       0.000247       0.000235
  2.50    36       0.000081       0.000235
  2.50    37       0.000000       0.000235
  2.50    38      -0.000053       0.000235
  2.50    39      -0.000115       0.000235
  2.50    40      -0.000097       0.000235
  2.50    41      -0.000096       0.000236
  2.50    42      -0.000062       0.000236
  2.50    43       0.000013       0.000236
  2.50    44      -0.000025       0.000236
  2.50    45       0.000126       0.000236
  2.50    46       0.000046       0.000236
  2.50    47       0.000051       0.000236
  2.50    48       0.000072       0.000236
  2.50    49       0.000035       0.000236
  2.50    50       0.000019       0.000237
  2.50    51       0.000032       0.000238
  2.50    52       0.000046       0.000239
  2.50    53       0.000062       0.000241
  2.50    54       0.000105       0.000244
  2.50    55       0.000160       0.000248
  2.50    56       0.000245       0.000252
  2.50    57       0.000369       0.000258
  2.50    58       0.000303       0.000266
  2.50    59       0.000266       0.000275
  2.50    60       0.000306       0.000285
  2.50    61       0.000278       0.000297
  2.50    62       0.000139       0.000310
  2.50    63       0.000139       0.000324
  2.50    64       0.000105       0.000333
 
  2.60     1       0.514048       0.000094
  2.60     2       0.313140       0.000133
  2.60     3       0.208474       0.000154
  2.60     4       0.145427       0.000166
  2.60     5       0.104211       0.000175
  2.60     6       0.075892       0.000179
  2.60     7       0.055994       0.000182
  2.60     8       0.041635       0.000184
  2.60     9       0.031148       0.000184
  2.60    10       0.023495       0.000184
  2.60    11       0.017721       0.000185
  2.60    12       0.013296       0.000186
  2.60    13       0.010067       0.000187
  2.60    14       0.007632       0.000187
  2.60    15       0.005913       0.000187
  2.60    16       0.004522       0.000187
  2.60    17       0.003324       0.000187
  2.60    18       0.002487       0.000187
  2.60    19       0.001877       0.000188
  2.60    20       0.001485       0.000189
  2.60    21       0.001249       0.000189
  2.60    22       0.000977       0.000189
  2.60    23       0.000771       0.000189
  2.60    24       0.000590       0.000189
  2.60    25       0.000533       0.000190
  2.60    26       0.000581       0.000189
  2.60    27       0.000518       0.000190
  2.60    28       0.000475       0.000191
  2.60    29       0.000427       0.000191
  2.60    30       0.000268       0.000190
  2.60    31       0.000134       0.000190
  2.60    32       0.000030       0.000190
  2.60    33       0.000116       0.000189
  2.60    34       0.000163       0.000189
  2.60    35       0.000211       0.000189
  2.60    36       0.000200       0.000188
  2.60    37       0.000114       0.000188
  2.60    38       0.000082       0.000189
  2.60    39       0.000134       0.000189
  2.60    40       0.000093       0.000188
  2.60    41       0.000081       0.000187
  2.60    42       0.000010       0.000186
  2.60    43      -0.000098       0.000186
  2.60    44      -0.000110       0.000187
  2.60    45      -0.000135       0.000188
  2.60    46      -0.000068       0.000188
  2.60    47      -0.000024       0.000187
  2.60    48       0.000041       0.000187
  2.60    49       0.000065       0.000188
  2.60    50       0.000087       0.000187
  2.60    51       0.000155       0.000188
  2.60    52       0.000130       0.000188
  2.60    53       0.000243       0.000190
  2.60    54       0.000237       0.000191
  2.60    55       0.000220       0.000192
  2.60    56       0.000260       0.000193
  2.60    57       0.000220       0.000195
  2.60    58       0.000164       0.000199
  2.60    59       0.000234       0.000206
  2.60    60       0.000256       0.000214
  2.60    61       0.000338       0.000225
  2.60    62       0.000340       0.000240
  2.60    63       0.000343       0.000255
  2.60    64       0.000481       0.000267
 
  2.80     1       0.454117       0.000089
  2.80     2       0.241751       0.000118
  2.80     3       0.140996       0.000133
  2.80     4       0.086403       0.000139
  2.80     5       0.054570       0.000144
  2.80     6       0.035112       0.000145
  2.80     7       0.022855       0.000145
  2.80     8       0.014965       0.000145
  2.80     9       0.009747       0.000146
  2.80    10       0.006502       0.000146
  2.80    11       0.004276       0.000147
  2.80    12       0.002836       0.000145
  2.80    13       0.001846       0.000145
  2.80    14       0.001128       0.000145
  2.80    15       0.000685       0.000146
  2.80    16       0.000261       0.000146
  2.80    17       0.000088       0.000145
  2.80    18       0.000048       0.000145
  2.80    19       0.000057       0.000145
  2.80    20      -0.000016       0.000144
  2.80    21       0.000024       0.000145
  2.80    22      -0.000036       0.000146
  2.80    23       0.000032       0.000147
  2.80    24      -0.000029       0.000148
  2.80    25      -0.000052       0.000147
  2.80    26      -0.000157       0.000147
  2.80    27      -0.000072       0.000147
  2.80    28       0.000005       0.000146
  2.80    29       0.000041       0.000146
  2.80    30       0.000162       0.000146
  2.80    31       0.000229       0.000145
  2.80    32       0.000149       0.000144
  2.80    33      -0.000005       0.000143
  2.80    34      -0.000005       0.000143
  2.80    35      -0.000061       0.000142
  2.80    36      -0.000002       0.000144
  2.80    37       0.000021       0.000144
  2.80    38      -0.000009       0.000143
  2.80    39      -0.000071       0.000144
  2.80    40      -0.000150       0.000145
  2.80    41      -0.000164       0.000146
  2.80    42      -0.000147       0.000144
  2.80    43      -0.000144       0.000144
  2.80    44      -0.000171       0.000145
  2.80    45      -0.000110       0.000145
  2.80    46      -0.000077       0.000145
  2.80    47      -0.000005       0.000145
  2.80    48       0.000109       0.000146
  2.80    49       0.000170       0.000145
  2.80    50       0.000203       0.000145
  2.80    51       0.000118       0.000145
  2.80    52       0.000023       0.000145
  2.80    53      -0.000065       0.000144
  2.80    54      -0.000004       0.000144
  2.80    55      -0.000127       0.000145
  2.80    56      -0.000160       0.000146
  2.80    57      -0.000185       0.000148
  2.80    58      -0.000193       0.000150
  2.80    59      -0.000254       0.000152
  2.80    60      -0.000380       0.000157
  2.80    61      -0.000324       0.000163
  2.80    62      -0.000310       0.000175
  2.80    63      -0.000226       0.000190
  2.80    64      -0.000096       0.000206
 
  3.00     1       0.408680       0.000086
  3.00     2       0.193668       0.000109
  3.00     3       0.100524       0.000118
  3.00     4       0.055013       0.000122
  3.00     5       0.031062       0.000124
  3.00     6       0.017788       0.000125
  3.00     7       0.010407       0.000127
  3.00     8       0.006106       0.000125
  3.00     9       0.003574       0.000124
  3.00    10       0.002129       0.000124
  3.00    11       0.001174       0.000124
  3.00    12       0.000683       0.000124
  3.00    13       0.000487       0.000126
  3.00    14       0.000382       0.000125
  3.00    15       0.000257       0.000124
  3.00    16       0.000012       0.000126
  3.00    17      -0.000035       0.000126
  3.00    18      -0.000047       0.000126
  3.00    19       0.000064       0.000126
  3.00    20       0.000067       0.000126
  3.00    21       0.000111       0.000126
  3.00    22       0.000168       0.000127
  3.00    23       0.000059       0.000126
  3.00    24       0.000068       0.000126
  3.00    25       0.000117       0.000125
  3.00    26       0.000062       0.000126
  3.00    27      -0.000106       0.000127
  3.00    28      -0.000119       0.000126
  3.00    29       0.000005       0.000126
  3.00    30      -0.000036       0.000125
  3.00    31      -0.000014       0.000126
  3.00    32      -0.000092       0.000126
  3.00    33      -0.000039       0.000124
  3.00    34       0.000072       0.000126
  3.00    35       0.000008       0.000125
  3.00    36       0.000004       0.000125
  3.00    37      -0.000185       0.000126
  3.00    38      -0.000052       0.000127
  3.00    39       0.000115       0.000126
  3.00    40       0.000072       0.000126
  3.00    41      -0.000040       0.000126
  3.00    42      -0.000067       0.000126
  3.00    43      -0.000119       0.000125
  3.00    44      -0.000122       0.000125
  3.00    45      -0.000139       0.000125
  3.00    46      -0.000073       0.000124
  3.00    47       0.000009       0.000124
  3.00    48       0.000077       0.000124
  3.00    49       0.000072       0.000125
  3.00    50       0.000058       0.000125
  3.00    51      -0.000058       0.000124
  3.00    52       0.000069       0.000126
  3.00    53       0.000151       0.000127
  3.00    54       0.000235       0.000126
  3.00    55       0.000162       0.000127
  3.00    56       0.000234       0.000126
  3.00    57       0.000169       0.000125
  3.00    58       0.000087       0.000127
  3.00    59      -0.000134       0.000128
  3.00    60      -0.000097       0.000130
  3.00    61       0.000085       0.000134
  3.00    62       0.000015       0.000141
  3.00    63      -0.000055       0.000157
  3.00    64       0.000016       0.000177
 
  3.20     1       0.372453       0.000085
  3.20     2       0.159214       0.000103
  3.20     3       0.074152       0.000109
  3.20     4       0.036425       0.000112
  3.20     5       0.018342       0.000112
  3.20     6       0.009537       0.000111
  3.20     7       0.005043       0.000112
  3.20     8       0.002799       0.000113
  3.20     9       0.001584       0.000112
  3.20    10       0.000858       0.000112
  3.20    11       0.000442       0.000112
  3.20    12       0.000275       0.000113
  3.20    13       0.000159       0.000113
  3.20    14       0.000086       0.000113
  3.20    15      -0.000004       0.000112
  3.20    16       0.000096       0.000113
  3.20    17       0.000083       0.000113
  3.20    18       0.000022       0.000113
  3.20    19       0.000085       0.000113
  3.20    20       0.000103       0.000113
  3.20    21      -0.000012       0.000113
  3.20    22      -0.000122       0.000113
  3.20    23      -0.000149       0.000114
  3.20    24      -0.000145       0.000113
  3.20    25      -0.000130       0.000113
  3.20    26      -0.000144       0.000113
  3.20    27      -0.000101       0.000113
  3.20    28      -0.000201       0.000114
  3.20    29      -0.000169       0.000113
  3.20    30      -0.000106       0.000113
  3.20    31      -0.000060       0.000114
  3.20    32       0.000033       0.000113
  3.20    33       0.000022       0.000113
  3.20    34      -0.000062       0.000113
  3.20    35      -0.000103       0.000114
  3.20    36      -0.000018       0.000113
  3.20    37      -0.000143       0.000112
  3.20    38      -0.000134       0.000113
  3.20    39      -0.000015       0.000114
  3.20    40      -0.000084       0.000114
  3.20    41      -0.000110       0.000113
  3.20    42      -0.000074       0.000113
  3.20    43      -0.000074       0.000113
  3.20    44      -0.000104       0.000113
  3.20    45      -0.000232       0.000114
  3.20    46      -0.000096       0.000114
  3.20    47       0.000056       0.000113
  3.20    48       0.000014       0.000114
  3.20    49       0.000062       0.000114
  3.20    50      -0.000105       0.000114
  3.20    51      -0.000087       0.000112
  3.20    52      -0.000116       0.000114
  3.20    53      -0.000146       0.000114
  3.20    54      -0.000185       0.000114
  3.20    55      -0.000078       0.000113
  3.20    56       0.000060       0.000113
  3.20    57       0.000120       0.000113
  3.20    58       0.000140       0.000113
  3.20    59       0.000116       0.000113
  3.20    60       0.000202       0.000113
  3.20    61       0.000230       0.000117
  3.20    62      -0.000035       0.000126
  3.20    63      -0.000115       0.000140
  3.20    64      -0.000228       0.000161
 
  3.40     1       0.343036       0.000083
  3.40     2       0.133490       0.000099
  3.40     3       0.056511       0.000104
  3.40     4       0.025193       0.000104
  3.40     5       0.011621       0.000106
  3.40     6       0.005449       0.000106
  3.40     7       0.002627       0.000106
  3.40     8       0.001241       0.000105
  3.40     9       0.000594       0.000107
  3.40    10       0.000315       0.000106
  3.40    11       0.000061       0.000107
  3.40    12      -0.000035       0.000106
  3.40    13      -0.000097       0.000106
  3.40    14      -0.000094       0.000107
  3.40    15       0.000002       0.000106
  3.40    16      -0.000217       0.000106
  3.40    17      -0.000128       0.000106
  3.40    18      -0.000025       0.000105
  3.40    19      -0.000051       0.000105
  3.40    20      -0.000054       0.000105
  3.40    21      -0.000031       0.000107
  3.40    22       0.000060       0.000106
  3.40    23      -0.000070       0.000106
  3.40    24      -0.000139       0.000106
  3.40    25       0.000025       0.000105
  3.40    26      -0.000017       0.000104
  3.40    27       0.000114       0.000105
  3.40    28       0.000068       0.000105
  3.40    29       0.000090       0.000106
  3.40    30       0.000191       0.000105
  3.40    31       0.000142       0.000106
  3.40    32       0.000193       0.000105
  3.40    33       0.000281       0.000105
  3.40    34       0.000142       0.000105
  3.40    35       0.000098       0.000106
  3.40    36      -0.000086       0.000106
  3.40    37      -0.000032       0.000107
  3.40    38      -0.000014       0.000105
  3.40    39      -0.000032       0.000105
  3.40    40      -0.000111       0.000106
  3.40    41      -0.000110       0.000107
  3.40    42      -0.000134       0.000106
  3.40    43      -0.000115       0.000106
  3.40    44      -0.000153       0.000106
  3.40    45      -0.000004       0.000106
  3.40    46       0.000071       0.000106
  3.40    47       0.000069       0.000106
  3.40    48      -0.000043       0.000107
  3.40    49      -0.000126       0.000106
  3.40    50      -0.000199       0.000105
  3.40    51      -0.000154       0.000105
  3.40    52      -0.000108       0.000106
  3.40    53      -0.000036       0.000104
  3.40    54      -0.000164       0.000105
  3.40    55      -0.000128       0.000106
  3.40    56      -0.000177       0.000106
  3.40    57      -0.000034       0.000107
  3.40    58      -0.000073       0.000107
  3.40    59      -0.000037       0.000107
  3.40    60      -0.000076       0.000108
  3.40    61       0.000006       0.000110
  3.40    62       0.000001       0.000113
  3.40    63       0.000031       0.000126
  3.40    64       0.000088       0.000151
 
  3.60     1       0.318210       0.000083
  3.60     2       0.113727       0.000097
  3.60     3       0.044151       0.000100
  3.60     4       0.018052       0.000100
  3.60     5       0.007647       0.000101
  3.60     6       0.003243       0.000102
  3.60     7       0.001515       0.000100
  3.60     8       0.000675       0.000100
  3.60     9       0.000381       0.000101
  3.60    10       0.000075       0.000100
  3.60    11      -0.000108       0.000100
  3.60    12      -0.000172       0.000100
  3.60    13      -0.000117       0.000099
  3.60    14      -0.000124       0.000100
  3.60    15      -0.000125       0.000101
  3.60    16      -0.000069       0.000101
  3.60    17      -0.000127       0.000101
  3.60    18      -0.000013       0.000100
  3.60    19      -0.000043       0.000101
  3.60    20      -0.000057       0.000101
  3.60    21      -0.000020       0.000101
  3.60    22       0.000071       0.000101
  3.60    23       0.000136       0.000102
  3.60    24       0.000023       0.000101
  3.60    25      -0.000145       0.000101
  3.60    26      -0.000115       0.000101
  3.60    27      -0.000047       0.000099
  3.60    28      -0.000186       0.000099
  3.60    29      -0.000340       0.000100
  3.60    30      -0.000255       0.000101
  3.60    31      -0.000170       0.000102
  3.60    32      -0.000036       0.000101
  3.60    33       0.000167       0.000101
  3.60    34       0.000192       0.000100
  3.60    35       0.000167       0.000100
  3.60    36       0.000190       0.000100
  3.60    37       0.000190       0.000100
  3.60    38       0.000061       0.000101
  3.60    39       0.000086       0.000101
  3.60    40       0.000215       0.000101
  3.60    41       0.000033       0.000101
  3.60    42      -0.000019       0.000101
  3.60    43       0.000095       0.000102
  3.60    44      -0.000155       0.000101
  3.60    45      -0.000090       0.000101
  3.60    46      -0.000151       0.000101
  3.60    47      -0.000141       0.000103
  3.60    48      -0.000079       0.000101
  3.60    49      -0.000096       0.000099
  3.60    50       0.000103       0.000100
  3.60    51       0.000076       0.000101
  3.60    52       0.000072       0.000102
  3.60    53       0.000032       0.000102
  3.60    54       0.000070       0.000101
  3.60    55      -0.000053       0.000100
  3.60    56      -0.000056       0.000100
  3.60    57       0.000015       0.000101
  3.60    58       0.000109       0.000101
  3.60    59       0.000106       0.000101
  3.60    60      -0.000024       0.000101
  3.60    61      -0.000047       0.000101
  3.60    62      -0.000169       0.000105
  3.60    63      -0.000088       0.000117
  3.60    64      -0.000108       0.000142
 
