 # N      T         m_N            err_M          e_N            err_E          c_N            err_C
   16       6.000000       0.946813       0.000315      -5.417452       0.003130       0.464547       0.008440
   16       6.500000       0.919426       0.000431      -5.153304       0.003853       0.599731       0.010524
   16       7.000000       0.878277       0.000643      -4.798633       0.004907       0.838463       0.014744
   16       7.400000       0.827380       0.001002      -4.429357       0.005804       1.049911       0.020041
   16       7.600000       0.789055       0.001289      -4.190697       0.006385       1.204468       0.021774
   16       7.800000       0.740145       0.001706      -3.940015       0.007060       1.398042       0.024497
   16       7.900000       0.707965       0.001941      -3.790251       0.007391       1.493505       0.024689
   16       7.950000       0.687447       0.002044      -3.700216       0.007539       1.534687       0.025221
   16       8.020000       0.666567       0.002202      -3.613911       0.007715       1.579232       0.025763
   16       8.050000       0.656661       0.002232      -3.572621       0.007713       1.566555       0.024940
   16       8.070000       0.644850       0.002279      -3.525664       0.007729       1.565470       0.025019
   16       8.090000       0.639236       0.002315      -3.505119       0.007771       1.574478       0.024822
   16       8.100000       0.634667       0.002334      -3.478213       0.007818       1.589670       0.025154
   16       8.250000       0.568876       0.002559      -3.236407       0.007866       1.551376       0.023760
   16       8.300000       0.553267       0.002607      -3.168094       0.008031       1.597863       0.024177
   16       8.350000       0.529108       0.002683      -3.086123       0.007835       1.502474       0.023031
   16       8.400000       0.508898       0.002675      -3.010825       0.007819       1.478609       0.022708
   16       8.500000       0.470136       0.002687      -2.882334       0.007529       1.338735       0.021627
   16       8.600000       0.426431       0.002670      -2.725995       0.007367       1.252211       0.020725
   16       8.800000       0.360539       0.002565      -2.500094       0.006835       1.029363       0.018162
   16       9.000000       0.311865       0.002401      -2.320312       0.006393       0.861130       0.016037
   16       9.500000       0.232557       0.001973      -1.993519       0.005291       0.529364       0.009912
   16      10.000000       0.187423       0.001642      -1.754447       0.004804       0.393804       0.007134
   16      10.500000       0.162055       0.001432      -1.589357       0.004441       0.305314       0.005733
   16      11.000000       0.141162       0.001278      -1.448882       0.004166       0.244795       0.004416
 
   32       6.000000       0.947129       0.000158      -5.422123       0.001558       0.460285       0.008031
   32       6.500000       0.919368       0.000217      -5.154078       0.001935       0.604767       0.010771
   32       7.000000       0.878176       0.000329      -4.798740       0.002452       0.837573       0.015115
   32       7.400000       0.827016       0.000507      -4.427283       0.002995       1.118486       0.019396
   32       7.600000       0.788748       0.000705      -4.197289       0.003224       1.228684       0.021696
   32       7.800000       0.731001       0.001105      -3.922423       0.003632       1.479782       0.026206
   32       7.900000       0.689350       0.001434      -3.764966       0.003949       1.705623       0.030243
   32       7.950000       0.658398       0.001703      -3.673259       0.004143       1.853853       0.032322
   32       8.020000       0.615908       0.001967      -3.545844       0.004278       1.942272       0.032176
   32       8.050000       0.600310       0.002007      -3.492145       0.004312       1.958082       0.032079
   32       8.070000       0.577092       0.002140      -3.442929       0.004375       2.006529       0.032156
   32       8.090000       0.573139       0.002115      -3.418242       0.004356       1.978554       0.032340
   32       8.100000       0.559044       0.002212      -3.387444       0.004374       1.990741       0.032027
   32       8.250000       0.433585       0.002445      -3.086224       0.004288       1.844426       0.030378
   32       8.300000       0.398857       0.002442      -3.009627       0.004110       1.673469       0.027672
   32       8.350000       0.362443       0.002394      -2.923873       0.004013       1.577024       0.027557
   32       8.400000       0.336408       0.002338      -2.858858       0.003892       1.465153       0.026109
   32       8.500000       0.285037       0.002149      -2.725485       0.003562       1.198778       0.022883
   32       8.600000       0.243481       0.001950      -2.601824       0.003349       1.034863       0.018854
   32       8.800000       0.192908       0.001647      -2.419184       0.003086       0.839243       0.015255
   32       9.000000       0.159600       0.001397      -2.267385       0.002874       0.696017       0.012513
   32       9.500000       0.115214       0.001042      -1.968080       0.002573       0.500852       0.008881
   32      10.000000       0.094003       0.000847      -1.754393       0.002381       0.387110       0.006622
   32      10.500000       0.078922       0.000728      -1.582729       0.002197       0.298912       0.005286
   32      11.000000       0.071032       0.000653      -1.446596       0.002090       0.246317       0.004177
 
   64       6.000000       0.947029       0.000079      -5.420847       0.000776       0.457251       0.008038
   64       6.500000       0.919301       0.000109      -5.152651       0.000979       0.618834       0.010686
   64       7.000000       0.878245       0.000158      -4.798377       0.001199       0.801207       0.013608
   64       7.400000       0.827331       0.000254      -4.429189       0.001449       1.047498       0.018817
   64       7.600000       0.788156       0.000351      -4.196457       0.001618       1.237696       0.020837
   64       7.800000       0.731693       0.000585      -3.927196       0.001870       1.568688       0.027581
   64       7.900000       0.681994       0.000926      -3.757310       0.002030       1.803684       0.032100
   64       7.950000       0.642214       0.001302      -3.659090       0.002190       2.071342       0.035822
   64       8.020000       0.577680       0.001680      -3.513909       0.002334       2.311682       0.038654
   64       8.050000       0.536677       0.001949      -3.447105       0.002392       2.410300       0.039360
   64       8.070000       0.503980       0.002039      -3.391588       0.002341       2.298559       0.038116
   64       8.090000       0.486084       0.002070      -3.354960       0.002377       2.357677       0.038099
   64       8.100000       0.465076       0.002155      -3.325597       0.002369       2.335761       0.038311
   64       8.250000       0.273143       0.002042      -3.024468       0.002100       1.769142       0.031707
   64       8.300000       0.234349       0.001825      -2.945353       0.001941       1.493017       0.027027
   64       8.350000       0.196767       0.001639      -2.869937       0.001851       1.341698       0.023667
   64       8.400000       0.179200       0.001532      -2.809117       0.001792       1.242317       0.021951
   64       8.500000       0.143322       0.001262      -2.693929       0.001691       1.081114       0.018337
   64       8.600000       0.121983       0.001079      -2.587343       0.001626       0.975586       0.017058
   64       8.800000       0.094317       0.000848      -2.412084       0.001494       0.786691       0.014111
   64       9.000000       0.078829       0.000716      -2.263657       0.001428       0.687833       0.012108
   64       9.500000       0.056272       0.000518      -1.971692       0.001288       0.501887       0.008945
   64      10.000000       0.045633       0.000425      -1.751034       0.001178       0.378742       0.006459
   64      10.500000       0.039257       0.000365      -1.584380       0.001107       0.303742       0.005306
   64      11.000000       0.035491       0.000327      -1.445742       0.001044       0.246049       0.004238
 
  128       6.000000       0.947110       0.000040      -5.421497       0.000390       0.461578       0.008008
  128       6.500000       0.919450       0.000054      -5.154086       0.000483       0.602873       0.010284
  128       7.000000       0.878267       0.000081      -4.798600       0.000609       0.825421       0.014407
  128       7.400000       0.827224       0.000125      -4.427515       0.000728       1.057472       0.018380
  128       7.600000       0.789182       0.000173      -4.197916       0.000806       1.229268       0.020990
  128       7.800000       0.730862       0.000300      -3.924829       0.000922       1.525619       0.026299
  128       7.900000       0.682243       0.000489      -3.758717       0.001037       1.880672       0.032181
  128       7.950000       0.644038       0.000739      -3.662638       0.001084       2.031471       0.035836
  128       8.020000       0.556497       0.001293      -3.506182       0.001207       2.473822       0.041932
  128       8.050000       0.465023       0.001953      -3.418368       0.001291       2.809944       0.046296
  128       8.070000       0.417218       0.002039      -3.367600       0.001274       2.721031       0.045461
  128       8.090000       0.382561       0.001961      -3.318959       0.001251       2.612285       0.044260
  128       8.100000       0.337466       0.002072      -3.287824       0.001243       2.570396       0.042935
  128       8.250000       0.134605       0.001196      -3.004057       0.000974       1.520883       0.026729
  128       8.300000       0.112965       0.001008      -2.932219       0.000949       1.426910       0.024272
  128       8.350000       0.097512       0.000890      -2.863542       0.000918       1.318886       0.023251
  128       8.400000       0.086140       0.000780      -2.805353       0.000870       1.172463       0.019967
  128       8.500000       0.070350       0.000645      -2.689282       0.000838       1.062363       0.018221
  128       8.600000       0.060703       0.000554      -2.589736       0.000806       0.959769       0.016831
  128       8.800000       0.046592       0.000429      -2.411395       0.000756       0.807088       0.013922
  128       9.000000       0.039673       0.000362      -2.264132       0.000710       0.679071       0.011720
  128       9.500000       0.028779       0.000268      -1.970489       0.000634       0.486859       0.008402
  128      10.000000       0.023146       0.000212      -1.753615       0.000591       0.381358       0.006678
  128      10.500000       0.019763       0.000185      -1.583504       0.000545       0.294072       0.005060
  128      11.000000       0.017693       0.000162      -1.446202       0.000526       0.249891       0.004422
 
  256       6.000000       0.947131       0.000040      -5.421682       0.000390       0.462392       0.015697
  256       6.500000       0.919482       0.000055      -5.154330       0.000490       0.621032       0.021121
  256       7.000000       0.878362       0.000079      -4.799302       0.000595       0.789327       0.027247
  256       7.400000       0.827459       0.000124      -4.428505       0.000721       1.037205       0.039263
  256       7.600000       0.788912       0.000172      -4.197398       0.000802       1.215703       0.042713
  256       7.800000       0.729922       0.000324      -3.922843       0.000910       1.485389       0.050332
  256       7.900000       0.681460       0.000486      -3.756343       0.001018       1.813213       0.062836
  256       7.950000       0.642993       0.000704      -3.661120       0.001100       2.091639       0.071510
  256       8.020000       0.541046       0.001561      -3.498577       0.001257       2.681668       0.087569
  256       8.050000       0.401923       0.003701      -3.408173       0.001378       3.200261       0.108438
  256       8.070000       0.316308       0.004018      -3.354330       0.001338       3.000035       0.098264
  256       8.090000       0.213959       0.002957      -3.293213       0.001191       2.364610       0.083876
  256       8.100000       0.192381       0.003117      -3.273304       0.001126       2.109476       0.073151
  256       8.250000       0.070587       0.001237      -3.003961       0.000953       1.458220       0.051995
  256       8.300000       0.055606       0.001053      -2.932281       0.000923       1.350994       0.045086
  256       8.350000       0.046824       0.000894      -2.866204       0.000916       1.312716       0.046351
  256       8.400000       0.044782       0.000803      -2.804627       0.000879       1.194832       0.040956
  256       8.500000       0.035609       0.000648      -2.690105       0.000834       1.051891       0.036311
  256       8.600000       0.030173       0.000564      -2.591048       0.000817       0.986394       0.034883
  256       8.800000       0.023485       0.000432      -2.412479       0.000783       0.865453       0.029666
  256       9.000000       0.019485       0.000353      -2.263410       0.000723       0.704927       0.023784
  256       9.500000       0.014354       0.000264      -1.970713       0.000650       0.510766       0.017004
  256      10.000000       0.011694       0.000214      -1.753597       0.000602       0.395939       0.014105
  256      10.500000       0.009812       0.000179      -1.582834       0.000558       0.308721       0.011047
  256      11.000000       0.009011       0.000162      -1.445753       0.000519       0.242738       0.008436
 
  512       6.000000       0.947126       0.000020      -5.421667       0.000196       0.468377       0.016359
  512       6.500000       0.919373       0.000028      -5.153456       0.000247       0.630780       0.020985
  512       7.000000       0.878227       0.000039      -4.798278       0.000300       0.804103       0.028533
  512       7.400000       0.827260       0.000064      -4.427562       0.000367       1.075677       0.037956
  512       7.600000       0.789180       0.000085      -4.199032       0.000394       1.171443       0.041335
  512       7.800000       0.730732       0.000151      -3.924284       0.000460       1.517736       0.052514
  512       7.900000       0.681519       0.000231      -3.756475       0.000500       1.746292       0.060981
  512       7.950000       0.643303       0.000402      -3.660911       0.000547       2.069772       0.071039
  512       8.020000       0.541453       0.000778      -3.499879       0.000613       2.551647       0.087322
  512       8.050000       0.312800       0.004270      -3.400881       0.000799       4.297806       0.136626
  512       8.070000       0.248652       0.002940      -3.347312       0.000627       2.639747       0.087482
  512       8.090000       0.114693       0.002217      -3.292154       0.000590       2.326478       0.080526
  512       8.100000       0.089709       0.001721      -3.268832       0.000583       2.261488       0.078788
  512       8.250000       0.034922       0.000646      -3.005091       0.000473       1.433100       0.052928
  512       8.300000       0.028781       0.000540      -2.932642       0.000464       1.365190       0.044124
  512       8.350000       0.025213       0.000481      -2.866193       0.000451       1.274313       0.044255
  512       8.400000       0.020840       0.000375      -2.804703       0.000427       1.128438       0.040117
  512       8.500000       0.017507       0.000319      -2.690070       0.000421       1.068985       0.037112
  512       8.600000       0.014737       0.000278      -2.589102       0.000411       0.995471       0.034530
  512       8.800000       0.012004       0.000220      -2.412911       0.000372       0.781440       0.025153
  512       9.000000       0.009641       0.000179      -2.263285       0.000366       0.724186       0.025365
  512       9.500000       0.007174       0.000131      -1.970736       0.000322       0.503010       0.016975
  512      10.000000       0.005663       0.000104      -1.753107       0.000295       0.379346       0.013311
  512      10.500000       0.004884       0.000093      -1.583455       0.000276       0.300988       0.010676
  512      11.000000       0.004517       0.000082      -1.446426       0.000261       0.245186       0.008447
 
